bins	0-1	1-2	2-3	3-5	5-7	7-9	9-12	12-16	16-21	21-27	27-36	36-52	52-109	109-262
0-1	0.0	0.06798457087753135	0.09599332220367279	0.0917516218721038	0.09624413145539906	0.08935611038107753	0.08091286307053942	0.06230529595015576	0.08306364617044229	0.06	0.0748074807480748	0.076158940397351	0.07666666666666666	0.043859649122807015
1-2	0.14923857868020304	0.242526518804243	0.28297161936560933	0.26969416126042633	0.23591549295774647	0.25624178712220763	0.21680497925311204	0.20145379023883697	0.22114347357065803	0.21222222222222223	0.21342134213421343	0.19867549668874174	0.20888888888888887	0.19298245614035087
2-3	0.23959390862944163	0.3442622950819672	0.38814691151919867	0.3577386468952734	0.3427230046948357	0.3455978975032852	0.2925311203319502	0.28764278296988577	0.2923408845738943	0.2833333333333333	0.3069306930693069	0.2726269315673289	0.28888888888888886	0.2631578947368421
3-4	0.30253807106598984	0.396817743490839	0.4298831385642738	0.40593141797961074	0.3755868544600939	0.38764783180026285	0.3340248962655602	0.3406022845275182	0.3214670981661273	0.3244444444444444	0.3509350935093509	0.3101545253863135	0.32555555555555554	0.2982456140350877
4-5	0.3583756345177665	0.44214079074252655	0.4666110183639399	0.4355885078776645	0.4107981220657277	0.4244415243101183	0.3703319502074689	0.3790238836967809	0.3505933117583603	0.3611111111111111	0.37623762376237624	0.32781456953642385	0.3466666666666667	0.3070175438596491
5-6	0.38883248730964465	0.47492767598842817	0.498330550918197	0.4735866543095459	0.4553990610328638	0.4599211563731932	0.40352697095435686	0.40602284527518173	0.38187702265372164	0.3988888888888889	0.39713971397139713	0.3609271523178808	0.37222222222222223	0.3070175438596491
6-7	0.4213197969543147	0.508678881388621	0.5283806343906511	0.5004633920296571	0.48122065727699526	0.4783180026281209	0.43775933609958506	0.4371754932502596	0.413160733549083	0.44	0.42794279427942794	0.3874172185430464	0.39666666666666667	0.33333333333333326
7-8	0.4558375634517766	0.5313404050144648	0.5575959933222037	0.5301204819277108	0.5082159624413145	0.5124835742444153	0.4605809128630705	0.4672897196261682	0.4390507011866235	0.46555555555555556	0.46204620462046203	0.41942604856512145	0.4211111111111111	0.35087719298245607
8-9	0.48324873096446697	0.555930568948891	0.5851419031719532	0.5588507877664504	0.5422535211267605	0.5413929040735874	0.4948132780082987	0.49221183800623053	0.4757281553398058	0.4988888888888889	0.48184818481848185	0.4403973509933775	0.4488888888888889	0.35087719298245607
9-10	0.5076142131979695	0.579556412729026	0.6110183639398998	0.5857275254865616	0.5598591549295774	0.568988173455979	0.5238589211618256	0.5129802699896158	0.5048543689320388	0.5166666666666666	0.5082508250825083	0.4635761589403974	0.47000000000000003	0.3859649122807017
10-11	0.5279187817258882	0.6002892960462873	0.6343906510851419	0.6088971269694161	0.5821596244131455	0.5913272010512484	0.5487551867219916	0.5389408099688473	0.5253505933117584	0.5411111111111111	0.5390539053905391	0.49337748344370863	0.4922222222222222	0.4035087719298245
11-12	0.5472081218274111	0.624397299903568	0.6602671118530885	0.629286376274328	0.6091549295774648	0.6189224704336399	0.5684647302904564	0.5680166147455866	0.5533980582524272	0.5644444444444444	0.5643564356435644	0.5154525386313467	0.5066666666666667	0.4210526315789473
12-13	0.5796954314720811	0.6456123432979749	0.6828046744574291	0.6468952734012975	0.6255868544600939	0.636005256241787	0.5829875518672198	0.5908618899273104	0.5674217907227616	0.5888888888888889	0.581958195819582	0.5353200883002208	0.52	0.42982456140350866
13-14	0.5949238578680203	0.6644165863066538	0.6944908180300501	0.6617238183503243	0.6490610328638498	0.6491458607095926	0.6026970954356846	0.6105919003115263	0.5900755124056094	0.6077777777777778	0.5984598459845984	0.5463576158940397	0.5466666666666666	0.4649122807017543
14-15	0.6233502538071065	0.6832208293153327	0.7103505843071787	0.6728452270620945	0.6631455399061033	0.6622864651773981	0.6275933609958506	0.625129802699896	0.6148867313915857	0.6233333333333333	0.6182618261826183	0.5662251655629139	0.5622222222222222	0.5087719298245613
15-16	0.6395939086294415	0.6976856316297011	0.7161936560934892	0.6802594995366079	0.6842723004694835	0.6885676741130091	0.6379668049792531	0.644859813084112	0.6310679611650485	0.6433333333333333	0.6336633663366337	0.5827814569536424	0.5766666666666667	0.5263157894736841
16-17	0.6609137055837563	0.7116682738669239	0.7320534223706178	0.6941612604263206	0.6995305164319249	0.6964520367936924	0.6576763485477178	0.6573208722741432	0.6494066882416396	0.6644444444444444	0.6457645764576457	0.6004415011037527	0.5966666666666667	0.5350877192982455
17-18	0.6802030456852791	0.7242044358727098	0.7437395659432388	0.7034291010194624	0.7124413145539906	0.7095926412614979	0.671161825726141	0.6697819314641743	0.6688241639697949	0.6755555555555555	0.6611661166116611	0.6169977924944812	0.6166666666666667	0.5438596491228069
18-19	0.69746192893401	0.7377049180327869	0.7545909849749582	0.7201112140871176	0.7265258215962441	0.7253613666228645	0.6846473029045642	0.6791277258566977	0.6785329018338726	0.6877777777777777	0.6743674367436744	0.6346578366445915	0.6322222222222222	0.5614035087719298
19-20	0.7096446700507613	0.7497589199614272	0.7646076794657762	0.7340129749768304	0.744131455399061	0.7345597897503284	0.6991701244813276	0.6947040498442366	0.6936353829557712	0.6944444444444444	0.6864686468646864	0.6501103752759381	0.6433333333333333	0.5789473684210527
20-21	0.7238578680203044	0.759884281581485	0.7754590984974957	0.7414272474513438	0.7511737089201878	0.7463863337713534	0.7064315352697094	0.7113187954309448	0.7108953613807982	0.7044444444444444	0.6974697469746974	0.6622516556291389	0.6544444444444444	0.5877192982456141
21-22	0.7319796954314719	0.7753134040501446	0.7854757929883137	0.7488415199258572	0.7652582159624413	0.7608409986859395	0.7219917012448132	0.7217030114226374	0.7238403451995684	0.7177777777777777	0.7073707370737073	0.6743929359823397	0.6599999999999999	0.6140350877192983
22-23	0.7451776649746191	0.7825458052073287	0.7929883138564272	0.7599629286376274	0.7734741784037558	0.7674113009198422	0.7354771784232363	0.7352024922118378	0.7346278317152103	0.7244444444444444	0.7194719471947194	0.6887417218543044	0.6688888888888888	0.6140350877192983
23-24	0.764467005076142	0.7955641272902603	0.8038397328881467	0.7747914735866542	0.7875586854460093	0.7766097240473061	0.7458506224066388	0.7518172377985459	0.738942826321467	0.7344444444444445	0.726072607260726	0.7052980132450328	0.6955555555555554	0.6491228070175439
24-25	0.7837563451776648	0.807135969141755	0.8130217028380632	0.7849860982391103	0.7910798122065726	0.7897503285151116	0.7634854771784231	0.7684319833852541	0.7497303128371089	0.7411111111111112	0.7414741474147414	0.7163355408388519	0.7022222222222221	0.6578947368421053
25-26	0.796954314720812	0.8153326904532304	0.8196994991652752	0.7914735866543096	0.8039906103286384	0.800262812089356	0.775933609958506	0.7788161993769467	0.7583603020496223	0.7522222222222222	0.7502750275027502	0.7251655629139071	0.7144444444444443	0.6754385964912282
26-27	0.8111675126903551	0.8240115718418515	0.8230383973288812	0.7979610750695089	0.8122065727699529	0.8068331143232588	0.7904564315352695	0.78816199376947	0.7691477885652642	0.7666666666666667	0.7645764576457645	0.7328918322295804	0.7222222222222221	0.6754385964912282
27-28	0.8172588832487307	0.8312439729990356	0.8313856427378962	0.8072289156626506	0.822769953051643	0.8186596583442838	0.8060165975103732	0.8026998961578398	0.7799352750809061	0.7755555555555556	0.7733773377337734	0.7494481236203089	0.7299999999999999	0.6842105263157896
28-29	0.8284263959390861	0.839440694310511	0.8372287145242067	0.8183503243744208	0.8356807511737088	0.8252299605781865	0.8174273858921159	0.8130841121495324	0.790722761596548	0.7833333333333333	0.7799779977997799	0.759381898454746	0.7377777777777776	0.7105263157894738
29-30	0.8385786802030455	0.8471552555448408	0.8430717863105172	0.8294717330861909	0.8427230046948355	0.8344283837056504	0.8267634854771782	0.823468328141225	0.7993527508090614	0.7888888888888889	0.7876787678767876	0.7682119205298013	0.7555555555555554	0.7192982456140352
30-31	0.8477157360406089	0.8524590163934426	0.8497495826377292	0.8331788693234476	0.8497652582159623	0.8462549277266754	0.8329875518672196	0.827622014537902	0.8090614886731391	0.7966666666666666	0.7942794279427942	0.7781456953642384	0.7633333333333332	0.7280701754385966
31-32	0.8527918781725886	0.8572806171648987	0.8547579298831381	0.839666357738647	0.856807511737089	0.8515111695137977	0.8371369294605806	0.8328141225337483	0.8155339805825242	0.8044444444444444	0.8008800880088007	0.7869757174392936	0.771111111111111	0.7280701754385966
32-33	0.8609137055837561	0.8611378977820636	0.8597662771285471	0.8507877664504171	0.8650234741784035	0.8567674113009199	0.8454356846473026	0.8421599169262717	0.8252427184466019	0.8099999999999999	0.8063806380638062	0.7991169977924945	0.782222222222222	0.7368421052631581
33-34	0.8649746192893398	0.8674059787849566	0.8631051752921531	0.8591288229842448	0.8708920187793425	0.8672798948751643	0.8506224066390038	0.8494288681204565	0.8306364617044228	0.8155555555555555	0.8129812981298128	0.8112582781456953	0.7911111111111109	0.7631578947368423
34-35	0.8700507614213195	0.8717454194792671	0.8706176961602666	0.8693234476367008	0.8744131455399059	0.871222076215506	0.8568464730290453	0.8546209761163028	0.8360302049622438	0.8244444444444443	0.8206820682068204	0.8156732891832229	0.7966666666666664	0.7807017543859651
35-36	0.8710659898477154	0.8746383799421408	0.8756260434056756	0.8758109360519001	0.8802816901408449	0.8804204993429698	0.8651452282157672	0.8598130841121492	0.8414239482200647	0.8322222222222221	0.8239823982398238	0.8233995584988962	0.802222222222222	0.798245614035088
36-37	0.879187817258883	0.8799421407907425	0.8797996661101831	0.8813716404077852	0.8838028169014083	0.8856767411300921	0.868257261410788	0.867082035306334	0.8511326860841424	0.8377777777777776	0.8305830583058303	0.826710816777042	0.8155555555555553	0.8070175438596494
37-38	0.8802030456852789	0.8833172613307618	0.8823038397328876	0.8860055607043561	0.8861502347417839	0.8935611038107754	0.8713692946058087	0.8701973001038418	0.8565264293419633	0.8399999999999999	0.8327832783278325	0.8344370860927153	0.822222222222222	0.8070175438596494
38-39	0.8873096446700505	0.890549662487946	0.8848080133555921	0.8962001853568121	0.8896713615023473	0.8961892247043365	0.8755186721991697	0.8753894080996881	0.8597626752966558	0.8466666666666666	0.8415841584158413	0.8399558498896248	0.8266666666666664	0.8245614035087723
39-40	0.8903553299492383	0.8963355834136933	0.8889816360600996	0.9036144578313255	0.8955399061032863	0.8988173455978976	0.8786307053941904	0.8785046728971959	0.8651564185544768	0.8499999999999999	0.8503850385038502	0.84878587196468	0.8333333333333331	0.8421052631578951
40-41	0.8923857868020302	0.9016393442622951	0.8956594323873116	0.9091751621872106	0.8990610328638496	0.9027595269382392	0.8827800829875514	0.8909657320872271	0.8716289104638619	0.8555555555555554	0.8602860286028601	0.8554083885209715	0.8366666666666664	0.8421052631578951
41-42	0.8964467005076139	0.9074252651880425	0.8989983305509176	0.9128822984244673	0.9049295774647886	0.9067017082785809	0.8858921161825721	0.8940809968847349	0.8759439050701187	0.8599999999999999	0.8657865786578656	0.8587196467991172	0.8455555555555553	0.8508771929824566
42-43	0.8964467005076139	0.9108003857280618	0.9065108514190311	0.9184430027803524	0.9107981220657276	0.9106438896189225	0.8931535269709538	0.8961578400830734	0.8781014023732471	0.8644444444444443	0.8690869086908689	0.8664459161147905	0.852222222222222	0.859649122807018
43-44	0.9015228426395936	0.9141755062680811	0.9123539232053416	0.9202965708989808	0.9166666666666666	0.9145860709592641	0.8993775933609953	0.9003115264797504	0.8856526429341963	0.8688888888888888	0.8734873487348733	0.8686534216335543	0.8588888888888887	0.859649122807018
44-45	0.9055837563451773	0.9151398264223723	0.9165275459098491	0.9230769230769234	0.9178403755868544	0.9198423127463864	0.9056016597510368	0.902388369678089	0.8888888888888888	0.8722222222222221	0.8789878987898788	0.8708609271523181	0.8688888888888887	0.859649122807018
45-46	0.9116751269035529	0.918032786885246	0.9198664440734551	0.9249304911955517	0.92018779342723	0.923784494086728	0.9087136929460575	0.9075804776739353	0.895361380798274	0.8744444444444444	0.8822882288228822	0.8752759381898457	0.872222222222222	0.859649122807018
46-47	0.9147208121827407	0.921890067502411	0.9240400667779626	0.9286376274328084	0.92018779342723	0.9264126149802892	0.9097510373443978	0.9096573208722739	0.8996763754045307	0.8811111111111111	0.891089108910891	0.8785871964679914	0.8799999999999998	0.8684210526315794
47-48	0.9187817258883244	0.9262295081967215	0.9290484140233716	0.9304911955514368	0.9272300469483568	0.9316688567674114	0.9128630705394185	0.9106957424714431	0.9018338727076591	0.8844444444444444	0.8943894389438943	0.8818984547461372	0.882222222222222	0.8684210526315794
48-49	0.9208121827411163	0.9291224686595951	0.9315525876460761	0.9341983317886935	0.9295774647887324	0.935611038107753	0.9180497925311197	0.9158878504672895	0.9061488673139159	0.8888888888888888	0.8976897689768977	0.8885209713024286	0.8877777777777776	0.8684210526315794
49-50	0.9238578680203041	0.9324975891996145	0.9340567612687806	0.9351251158480077	0.9307511737089201	0.9395532194480947	0.9242738589211612	0.917964693665628	0.9104638619201726	0.8922222222222221	0.9031903190319032	0.8918322295805743	0.892222222222222	0.8684210526315794
50-51	0.9299492385786797	0.9344262295081969	0.9365609348914851	0.9379054680259503	0.9319248826291079	0.9421813403416558	0.9253112033195015	0.9231568016614744	0.9115426105717368	0.8966666666666666	0.9075907590759076	0.8962472406181019	0.8966666666666665	0.8771929824561409
51-52	0.9309644670050756	0.9368370298939249	0.9382303839732881	0.9379054680259503	0.9354460093896713	0.9434954007884363	0.9263485477178417	0.92938733125649	0.9137001078748652	0.8988888888888888	0.9141914191419142	0.8984547461368657	0.901111111111111	0.8771929824561409
52-53	0.9319796954314715	0.9397299903567986	0.9398998330550911	0.9397590361445787	0.9377934272300469	0.9474375821287779	0.9294605809128624	0.9314641744548285	0.9190938511326862	0.8999999999999999	0.922992299229923	0.9028697571743933	0.901111111111111	0.8771929824561409
53-54	0.9340101522842634	0.9445515911282547	0.9398998330550911	0.9397590361445787	0.9389671361502346	0.9487516425755584	0.9325726141078832	0.9345794392523363	0.9223300970873787	0.9033333333333332	0.9284928492849285	0.9039735099337752	0.9033333333333332	0.8859649122807023
54-55	0.9350253807106593	0.9498553519768564	0.9432387312186971	0.9397590361445787	0.9401408450704224	0.9526938239159001	0.9336099585062234	0.9408099688473519	0.9244875943905071	0.9044444444444443	0.9328932893289329	0.9105960264900667	0.9066666666666665	0.8947368421052637
55-56	0.9380710659898471	0.9532304725168758	0.948247078464106	0.9453197405004637	0.9401408450704224	0.9540078843626806	0.9356846473029039	0.9418483904465211	0.9331175836030206	0.9066666666666665	0.933993399339934	0.9139072847682124	0.911111111111111	0.9035087719298251
56-57	0.940101522842639	0.9537126325940214	0.949916527545909	0.946246524559778	0.9448356807511735	0.9579500657030222	0.9398340248962649	0.9428868120456904	0.935275080906149	0.9099999999999998	0.9361936193619361	0.9161147902869762	0.912222222222222	0.9122807017543866
57-58	0.9451776649746187	0.9556412729026038	0.949916527545909	0.9490268767377206	0.9483568075117369	0.9618922470433638	0.9408713692946051	0.9449636552440289	0.9374325782092774	0.912222222222222	0.9394939493949395	0.9194260485651219	0.9155555555555553	0.9122807017543866
58-59	0.9492385786802024	0.9575699132111862	0.951585976627712	0.9499536607970348	0.9542253521126759	0.9632063074901444	0.9450207468879661	0.9480789200415367	0.9374325782092774	0.9166666666666665	0.9394939493949395	0.9227373068432676	0.9188888888888886	0.9122807017543866
59-60	0.9522842639593903	0.9594985535197686	0.953255425709515	0.950880444856349	0.9565727699530515	0.9632063074901444	0.9470954356846466	0.9501557632398753	0.9385113268608416	0.9199999999999998	0.9427942794279428	0.9249448123620314	0.9233333333333331	0.9122807017543866
60-61	0.9553299492385781	0.9609450337512054	0.9574290484140225	0.9527340129749774	0.9612676056338026	0.9658344283837055	0.9481327800829868	0.9511941848390445	0.9417475728155341	0.9211111111111109	0.9438943894389439	0.9282560706401771	0.9299999999999998	0.9122807017543866
61-62	0.9583756345177659	0.9619093539054967	0.958263772954924	0.9545875810936058	0.964788732394366	0.9684625492772666	0.9491701244813271	0.9511941848390445	0.9428263214670983	0.9222222222222219	0.946094609460946	0.9315673289183228	0.9322222222222221	0.921052631578948
62-63	0.9593908629441618	0.9623915139826423	0.9590984974958255	0.9582947173308625	0.9659624413145538	0.9724047306176082	0.9533195020746881	0.9511941848390445	0.947141316073355	0.923333333333333	0.9504950495049505	0.9337748344370866	0.9333333333333331	0.9298245614035094
63-64	0.9614213197969537	0.9643201542912248	0.96160267111853	0.9610750695088051	0.9706572769953049	0.9750328515111694	0.9553941908713686	0.9522326064382137	0.9492988133764835	0.9277777777777775	0.9526952695269526	0.9359823399558505	0.9344444444444442	0.9298245614035094
64-65	0.9624365482233496	0.965284474445516	0.963272120200333	0.9629286376274334	0.9706572769953049	0.9750328515111694	0.957468879668049	0.953271028037383	0.9503775620280477	0.9299999999999997	0.9548954895489548	0.9359823399558505	0.9366666666666664	0.9298245614035094
65-66	0.9624365482233496	0.9672131147540984	0.964941569282136	0.9638554216867476	0.9706572769953049	0.9750328515111694	0.957468879668049	0.9543094496365522	0.9525350593311761	0.9311111111111108	0.9559955995599558	0.9392935982339962	0.9377777777777775	0.9298245614035094
66-67	0.9634517766497455	0.9681774349083897	0.968280467445742	0.965708989805376	0.9730046948356805	0.9763469119579499	0.9605809128630698	0.95742471443406	0.9536138079827403	0.9311111111111108	0.9570957095709569	0.9448123620309057	0.9411111111111108	0.9385964912280709
67-68	0.9654822335025374	0.9696239151398265	0.9691151919866435	0.9666357738646902	0.9753521126760561	0.9763469119579499	0.96161825726141	0.95742471443406	0.9546925566343045	0.9311111111111108	0.9570957095709569	0.9459161147902876	0.9422222222222219	0.9385964912280709
68-69	0.9664974619289333	0.9701060752169721	0.969949916527545	0.9684893419833186	0.9765258215962439	0.9763469119579499	0.9647302904564308	0.9595015576323985	0.9600862998921255	0.933333333333333	0.9592959295929591	0.9470198675496695	0.9422222222222219	0.9385964912280709
69-70	0.9664974619289333	0.9710703953712634	0.971619365609348	0.9712696941612612	0.9765258215962439	0.9763469119579499	0.9647302904564308	0.9605399792315678	0.963322545846818	0.9344444444444441	0.9603960396039601	0.9470198675496695	0.9433333333333329	0.9473684210526323
70-71	0.9685279187817252	0.9734811957569914	0.9724540901502495	0.9712696941612612	0.9776995305164317	0.9776609724047304	0.9678423236514515	0.9605399792315678	0.9644012944983822	0.9377777777777774	0.9614961496149612	0.9481236203090514	0.9455555555555551	0.9473684210526323
71-72	0.9705583756345171	0.9744455159112827	0.9724540901502495	0.9712696941612612	0.9788732394366194	0.9789750328515109	0.9678423236514515	0.9626168224299063	0.9687162891046389	0.9399999999999996	0.9614961496149612	0.9503311258278152	0.9477777777777774	0.9473684210526323
72-73	0.9705583756345171	0.9763741562198651	0.974958263772954	0.9731232622798895	0.9800469483568072	0.9789750328515109	0.9688796680497918	0.9636552440290755	0.9697950377562031	0.9399999999999996	0.9658965896589656	0.952538631346579	0.9477777777777774	0.9561403508771937
73-74	0.9705583756345171	0.9768563162970108	0.974958263772954	0.9740500463392038	0.9812206572769949	0.9789750328515109	0.9688796680497918	0.9667705088265833	0.9730312837108956	0.9399999999999996	0.9658965896589656	0.952538631346579	0.9488888888888884	0.9561403508771937
74-75	0.972588832487309	0.9783027965284475	0.9757929883138555	0.9768303985171464	0.9812206572769949	0.981603153745072	0.969917012448132	0.9667705088265833	0.9751887810140241	0.9422222222222219	0.9680968096809678	0.9547461368653428	0.9522222222222217	0.9561403508771937
75-76	0.972588832487309	0.9787849566055932	0.9774624373956585	0.9777571825764606	0.9823943661971827	0.9829172141918525	0.969917012448132	0.9678089304257526	0.9751887810140241	0.9444444444444441	0.9702970297029699	0.9558498896247247	0.955555555555555	0.9561403508771937
76-77	0.972588832487309	0.9797492767598844	0.9774624373956585	0.9786839666357748	0.9835680751173704	0.9829172141918525	0.969917012448132	0.9698857736240911	0.9773462783171525	0.9444444444444441	0.971397139713971	0.9558498896247247	0.9588888888888883	0.9649122807017552
77-78	0.9736040609137049	0.9807135969141757	0.97829716193656	0.9796107506950891	0.9847417840375582	0.9829172141918525	0.9709543568464722	0.9709241952232603	0.9773462783171525	0.9455555555555551	0.9757975797579754	0.9602649006622523	0.9599999999999994	0.9649122807017552
78-79	0.9736040609137049	0.9807135969141757	0.9791318864774615	0.9805375347544033	0.9847417840375582	0.9829172141918525	0.9751037344398332	0.9719626168224296	0.9784250269687167	0.9477777777777774	0.9768976897689765	0.9602649006622523	0.9622222222222216	0.9649122807017552
79-80	0.9736040609137049	0.981677917068467	0.9791318864774615	0.9805375347544033	0.9847417840375582	0.984231274638633	0.9751037344398332	0.9750778816199374	0.9805825242718451	0.9488888888888884	0.9768976897689765	0.9624724061810161	0.9633333333333327	0.9649122807017552
80-81	0.9736040609137049	0.9826422372227582	0.979966611018363	0.9814643188137175	0.9847417840375582	0.984231274638633	0.9771784232365137	0.9750778816199374	0.9816612729234093	0.9499999999999995	0.9768976897689765	0.963576158940398	0.9644444444444438	0.9649122807017552
81-82	0.9756345177664968	0.984088717454195	0.979966611018363	0.9814643188137175	0.9859154929577459	0.984231274638633	0.9771784232365137	0.9750778816199374	0.9816612729234093	0.9533333333333328	0.9779977997799776	0.96467991169978	0.9644444444444438	0.9649122807017552
82-83	0.9776649746192887	0.984088717454195	0.9808013355592645	0.9823911028730318	0.9870892018779337	0.984231274638633	0.9802904564315345	0.9761163032191066	0.9816612729234093	0.9577777777777773	0.9790979097909787	0.9657836644591619	0.9655555555555548	0.9649122807017552
83-84	0.9776649746192887	0.9845708775313406	0.9824707846410675	0.9823911028730318	0.9882629107981215	0.984231274638633	0.9813278008298747	0.9792315680166144	0.9816612729234093	0.9588888888888883	0.9790979097909787	0.9679911699779257	0.9666666666666659	0.9649122807017552
84-85	0.9786802030456846	0.9864995178399231	0.9841402337228705	0.9842446709916601	0.9882629107981215	0.984231274638633	0.9813278008298747	0.9792315680166144	0.9827400215749735	0.9588888888888883	0.9790979097909787	0.9679911699779257	0.9688888888888881	0.9649122807017552
85-86	0.9786802030456846	0.9864995178399231	0.9841402337228705	0.9842446709916601	0.9882629107981215	0.984231274638633	0.9823651452282149	0.9792315680166144	0.9827400215749735	0.9599999999999994	0.9790979097909787	0.9690949227373076	0.9722222222222214	0.9649122807017552
86-87	0.9786802030456846	0.9864995178399231	0.984974958263772	0.9870250231696027	0.9882629107981215	0.984231274638633	0.9823651452282149	0.9802699896157836	0.984897518878102	0.9633333333333327	0.9790979097909787	0.9735099337748352	0.9722222222222214	0.9649122807017552
87-88	0.9786802030456846	0.9864995178399231	0.984974958263772	0.9870250231696027	0.9882629107981215	0.984231274638633	0.9823651452282149	0.9813084112149528	0.984897518878102	0.9644444444444438	0.9790979097909787	0.975717439293599	0.9744444444444437	0.9649122807017552
88-89	0.9817258883248724	0.9874638379942143	0.9858096828046735	0.9870250231696027	0.9894366197183092	0.9868593955321942	0.9823651452282149	0.9833852544132914	0.984897518878102	0.9644444444444438	0.9790979097909787	0.975717439293599	0.9755555555555547	0.9649122807017552
89-90	0.9817258883248724	0.98794599807136	0.986644407345575	0.9870250231696027	0.9894366197183092	0.9868593955321942	0.9844398340248954	0.9833852544132914	0.9859762675296662	0.9655555555555548	0.9812981298129808	0.975717439293599	0.9766666666666658	0.9649122807017552
90-91	0.9827411167512683	0.98794599807136	0.986644407345575	0.9870250231696027	0.9894366197183092	0.9868593955321942	0.9854771784232357	0.98546209761163	0.9881337648327946	0.9677777777777771	0.9812981298129808	0.975717439293599	0.9766666666666658	0.9649122807017552
91-92	0.9827411167512683	0.9893924783027968	0.988313856427378	0.9870250231696027	0.9894366197183092	0.9868593955321942	0.9854771784232357	0.98546209761163	0.990291262135923	0.9677777777777771	0.9812981298129808	0.9768211920529809	0.9766666666666658	0.9649122807017552
92-93	0.9827411167512683	0.9893924783027968	0.9891485809682795	0.9888785912882311	0.9894366197183092	0.9894875164257553	0.9854771784232357	0.98546209761163	0.990291262135923	0.9677777777777771	0.9812981298129808	0.9779249448123628	0.9777777777777769	0.9649122807017552
93-94	0.9827411167512683	0.990356798457088	0.989983305509181	0.9888785912882311	0.9894366197183092	0.9908015768725358	0.9854771784232357	0.98546209761163	0.990291262135923	0.9699999999999993	0.9823982398239819	0.9790286975717447	0.9777777777777769	0.9649122807017552
94-95	0.9837563451776642	0.990356798457088	0.9908180300500825	0.9898053753475453	0.9894366197183092	0.9921156373193163	0.9865145228215759	0.9865005192107992	0.9913700107874872	0.9699999999999993	0.9823982398239819	0.9790286975717447	0.9788888888888879	0.9736842105263166
95-96	0.9857868020304561	0.990356798457088	0.9908180300500825	0.9898053753475453	0.9894366197183092	0.9934296977660968	0.9875518672199162	0.9865005192107992	0.9935275080906156	0.9722222222222215	0.9823982398239819	0.9801324503311266	0.9788888888888879	0.9736842105263166
96-97	0.9857868020304561	0.990356798457088	0.9908180300500825	0.9898053753475453	0.9894366197183092	0.9934296977660968	0.9875518672199162	0.9865005192107992	0.9935275080906156	0.9733333333333326	0.9823982398239819	0.9801324503311266	0.9811111111111102	0.9736842105263166
97-98	0.986802030456852	0.990356798457088	0.9908180300500825	0.9907321594068595	0.9894366197183092	0.9934296977660968	0.9875518672199162	0.9865005192107992	0.9935275080906156	0.9744444444444437	0.984598459845984	0.9812362030905085	0.9811111111111102	0.9736842105263166
98-99	0.986802030456852	0.9913211186113793	0.9908180300500825	0.9907321594068595	0.990610328638497	0.9934296977660968	0.9896265560165967	0.9885773624091377	0.9935275080906156	0.9755555555555547	0.984598459845984	0.9812362030905085	0.9833333333333324	0.9736842105263166
99-100	0.9878172588832479	0.9913211186113793	0.9908180300500825	0.9916589434661738	0.990610328638497	0.9934296977660968	0.9906639004149369	0.9885773624091377	0.9946062567421798	0.9766666666666658	0.9856985698569851	0.9823399558498904	0.9844444444444435	0.9736842105263166
100-101	0.9878172588832479	0.9913211186113793	0.9908180300500825	0.9916589434661738	0.990610328638497	0.9934296977660968	0.9906639004149369	0.9885773624091377	0.9946062567421798	0.9766666666666658	0.9856985698569851	0.9823399558498904	0.9844444444444435	0.9736842105263166
101-102	0.9888324873096438	0.9913211186113793	0.9908180300500825	0.9935125115848021	0.990610328638497	0.9934296977660968	0.9917012448132771	0.9885773624091377	0.995685005393744	0.9777777777777769	0.9878987898789873	0.9823399558498904	0.9855555555555545	0.9736842105263166
102-103	0.9888324873096438	0.9913211186113793	0.9908180300500825	0.9935125115848021	0.9917840375586847	0.9934296977660968	0.9917012448132771	0.9885773624091377	0.995685005393744	0.9788888888888879	0.9878987898789873	0.9834437086092723	0.9855555555555545	0.9736842105263166
103-104	0.9888324873096438	0.9918032786885249	0.9924874791318855	0.9935125115848021	0.9917840375586847	0.9934296977660968	0.9917012448132771	0.9885773624091377	0.9967637540453083	0.979999999999999	0.9878987898789873	0.9834437086092723	0.9855555555555545	0.9736842105263166
104-105	0.9888324873096438	0.9918032786885249	0.9924874791318855	0.9953660797034305	0.9917840375586847	0.9934296977660968	0.9917012448132771	0.989615784008307	0.9978425026968725	0.98111111111111	0.9889988998899883	0.9845474613686542	0.9855555555555545	0.9736842105263166
105-106	0.9898477157360397	0.9927675988428162	0.9924874791318855	0.9953660797034305	0.9917840375586847	0.9934296977660968	0.9917012448132771	0.9906542056074762	0.9989212513484367	0.98111111111111	0.9889988998899883	0.9845474613686542	0.9855555555555545	0.9736842105263166
106-107	0.9898477157360397	0.9927675988428162	0.993322203672787	0.9962928637627447	0.9917840375586847	0.9934296977660968	0.9917012448132771	0.9906542056074762	0.9989212513484367	0.9833333333333323	0.9900990099009894	0.9845474613686542	0.9855555555555545	0.9736842105263166
107-108	0.9908629441624356	0.9937319189971074	0.9941569282136885	0.9962928637627447	0.9917840375586847	0.9934296977660968	0.9917012448132771	0.9916926272066454	0.9989212513484367	0.9844444444444433	0.9900990099009894	0.9845474613686542	0.9855555555555545	0.9736842105263166
108-109	0.9908629441624356	0.9937319189971074	0.9941569282136885	0.9962928637627447	0.9917840375586847	0.9947437582128773	0.9917012448132771	0.9916926272066454	0.9989212513484367	0.9844444444444433	0.9900990099009894	0.9856512141280361	0.9866666666666656	0.9736842105263166
109-110	0.9918781725888315	0.9946962391513987	0.99499165275459	0.9962928637627447	0.9917840375586847	0.9947437582128773	0.9917012448132771	0.9916926272066454	0.9989212513484367	0.9844444444444433	0.9900990099009894	0.9856512141280361	0.9866666666666656	0.9736842105263166
110-111	0.9918781725888315	0.9951783992285443	0.99499165275459	0.9962928637627447	0.9917840375586847	0.9947437582128773	0.9917012448132771	0.9916926272066454	0.9989212513484367	0.9844444444444433	0.9900990099009894	0.9889624724061818	0.9866666666666656	0.9736842105263166
111-112	0.9918781725888315	0.9951783992285443	0.99499165275459	0.9962928637627447	0.9917840375586847	0.9947437582128773	0.9917012448132771	0.9916926272066454	0.9989212513484367	0.9844444444444433	0.9911991199119905	0.9889624724061818	0.9866666666666656	0.9736842105263166
112-113	0.9918781725888315	0.9951783992285443	0.99499165275459	0.9962928637627447	0.9917840375586847	0.9947437582128773	0.9917012448132771	0.9927310488058146	0.9989212513484367	0.9844444444444433	0.9922992299229916	0.9889624724061818	0.9866666666666656	0.9736842105263166
113-114	0.9918781725888315	0.9951783992285443	0.99499165275459	0.9962928637627447	0.9917840375586847	0.9947437582128773	0.9917012448132771	0.9937694704049839	0.9989212513484367	0.9844444444444433	0.9933993399339927	0.9889624724061818	0.9866666666666656	0.9736842105263166
114-115	0.9918781725888315	0.9951783992285443	0.99499165275459	0.9962928637627447	0.9917840375586847	0.9947437582128773	0.9927385892116174	0.9937694704049839	0.9989212513484367	0.9844444444444433	0.9933993399339927	0.9889624724061818	0.9899999999999989	0.9736842105263166
115-116	0.9918781725888315	0.9951783992285443	0.99499165275459	0.997219647822059	0.9917840375586847	0.9947437582128773	0.9927385892116174	0.9937694704049839	0.9989212513484367	0.9855555555555544	0.9933993399339927	0.9889624724061818	0.9899999999999989	0.9736842105263166
116-117	0.9918781725888315	0.99566055930569	0.99499165275459	0.997219647822059	0.9929577464788725	0.9947437582128773	0.9937759336099576	0.9948078920041531	0.9989212513484367	0.9866666666666655	0.9933993399339927	0.9900662251655638	0.9899999999999989	0.9736842105263166
117-118	0.9918781725888315	0.99566055930569	0.99499165275459	0.9981464318813732	0.9929577464788725	0.9960578186596578	0.9937759336099576	0.9948078920041531	0.9989212513484367	0.9877777777777765	0.9933993399339927	0.9900662251655638	0.9899999999999989	0.9736842105263166
118-119	0.9918781725888315	0.99566055930569	0.99499165275459	0.9981464318813732	0.9929577464788725	0.9960578186596578	0.9937759336099576	0.9948078920041531	0.9989212513484367	0.9888888888888876	0.9933993399339927	0.9922737306843276	0.9911111111111099	0.9736842105263166
119-120	0.9918781725888315	0.99566055930569	0.99499165275459	0.9981464318813732	0.9929577464788725	0.9960578186596578	0.9948132780082979	0.9948078920041531	0.9989212513484367	0.9899999999999987	0.9933993399339927	0.9922737306843276	0.9911111111111099	0.9736842105263166
120-121	0.9918781725888315	0.99566055930569	0.99499165275459	0.9981464318813732	0.9929577464788725	0.9960578186596578	0.9948132780082979	0.9948078920041531	0.9989212513484367	0.9899999999999987	0.9933993399339927	0.9922737306843276	0.9911111111111099	0.9736842105263166
121-122	0.9918781725888315	0.9961427193828356	0.99499165275459	0.9981464318813732	0.9929577464788725	0.9960578186596578	0.9948132780082979	0.9948078920041531	0.9989212513484367	0.9899999999999987	0.9944994499449937	0.9922737306843276	0.9911111111111099	0.982456140350878
122-123	0.9918781725888315	0.9961427193828356	0.99499165275459	0.9981464318813732	0.9929577464788725	0.9960578186596578	0.9948132780082979	0.9948078920041531	0.9989212513484367	0.9899999999999987	0.9944994499449937	0.9933774834437095	0.992222222222221	0.982456140350878
123-124	0.9928934010152274	0.9961427193828356	0.99499165275459	0.9981464318813732	0.9941314553990602	0.9960578186596578	0.9948132780082979	0.9948078920041531	0.9989212513484367	0.9899999999999987	0.9944994499449937	0.9944812362030914	0.992222222222221	0.982456140350878
124-125	0.9939086294416233	0.9961427193828356	0.99499165275459	0.9981464318813732	0.9941314553990602	0.9960578186596578	0.9948132780082979	0.9948078920041531	0.9989212513484367	0.9899999999999987	0.9955995599559948	0.9944812362030914	0.992222222222221	0.982456140350878
125-126	0.9949238578680192	0.9961427193828356	0.9958263772954915	0.9981464318813732	0.9941314553990602	0.9960578186596578	0.9948132780082979	0.9948078920041531	0.9989212513484367	0.9899999999999987	0.9955995599559948	0.9955849889624733	0.992222222222221	0.982456140350878
126-127	0.9949238578680192	0.9966248794599812	0.9958263772954915	0.9981464318813732	0.9941314553990602	0.9960578186596578	0.9948132780082979	0.9948078920041531	0.9989212513484367	0.9899999999999987	0.9955995599559948	0.9955849889624733	0.992222222222221	0.982456140350878
127-128	0.9949238578680192	0.9971070395371269	0.9958263772954915	0.9981464318813732	0.9941314553990602	0.9960578186596578	0.9948132780082979	0.9948078920041531	0.9989212513484367	0.9899999999999987	0.9966996699669959	0.9955849889624733	0.9933333333333321	0.982456140350878
128-129	0.9949238578680192	0.9975891996142725	0.996661101836393	0.9981464318813732	0.9941314553990602	0.9960578186596578	0.9948132780082979	0.9948078920041531	0.9989212513484367	0.9899999999999987	0.9966996699669959	0.9955849889624733	0.9933333333333321	0.982456140350878
129-130	0.9959390862944151	0.9975891996142725	0.996661101836393	0.9981464318813732	0.9941314553990602	0.9960578186596578	0.9948132780082979	0.9958463136033223	0.9989212513484367	0.9899999999999987	0.9966996699669959	0.9955849889624733	0.9933333333333321	0.982456140350878
130-131	0.9959390862944151	0.9975891996142725	0.996661101836393	0.9981464318813732	0.9941314553990602	0.9960578186596578	0.9958506224066381	0.9958463136033223	0.9989212513484367	0.9911111111111097	0.9966996699669959	0.9955849889624733	0.9933333333333321	0.982456140350878
131-132	0.9959390862944151	0.9980713596914181	0.996661101836393	0.9981464318813732	0.9941314553990602	0.9960578186596578	0.9958506224066381	0.9958463136033223	0.9989212513484367	0.9922222222222208	0.997799779977997	0.9955849889624733	0.9944444444444431	0.982456140350878
132-133	0.9959390862944151	0.9980713596914181	0.9974958263772945	0.9981464318813732	0.9941314553990602	0.9973718791064383	0.9958506224066381	0.9968847352024915	0.9989212513484367	0.9922222222222208	0.997799779977997	0.9955849889624733	0.9944444444444431	0.982456140350878
133-134	0.9959390862944151	0.9980713596914181	0.9974958263772945	0.9981464318813732	0.9941314553990602	0.9973718791064383	0.9958506224066381	0.9968847352024915	0.9989212513484367	0.9922222222222208	0.997799779977997	0.9955849889624733	0.9944444444444431	0.982456140350878
134-135	0.9959390862944151	0.9980713596914181	0.9974958263772945	0.9981464318813732	0.9941314553990602	0.9973718791064383	0.9958506224066381	0.9968847352024915	0.9989212513484367	0.9933333333333318	0.997799779977997	0.9955849889624733	0.9944444444444431	0.982456140350878
135-136	0.9959390862944151	0.9980713596914181	0.9974958263772945	0.9981464318813732	0.9941314553990602	0.9973718791064383	0.9958506224066381	0.9968847352024915	0.9989212513484367	0.9933333333333318	0.997799779977997	0.9955849889624733	0.9944444444444431	0.982456140350878
136-137	0.9959390862944151	0.9980713596914181	0.9974958263772945	0.9981464318813732	0.9941314553990602	0.9973718791064383	0.9958506224066381	0.9968847352024915	0.9989212513484367	0.9933333333333318	0.997799779977997	0.9955849889624733	0.9944444444444431	0.982456140350878
137-138	0.9959390862944151	0.9980713596914181	0.9974958263772945	0.9981464318813732	0.9941314553990602	0.9973718791064383	0.9958506224066381	0.9968847352024915	0.9989212513484367	0.9944444444444429	0.997799779977997	0.9955849889624733	0.9944444444444431	0.982456140350878
138-139	0.9959390862944151	0.9980713596914181	0.9974958263772945	0.9981464318813732	0.9941314553990602	0.9973718791064383	0.9958506224066381	0.9968847352024915	0.9989212513484367	0.995555555555554	0.997799779977997	0.9955849889624733	0.9944444444444431	0.982456140350878
139-140	0.9959390862944151	0.9980713596914181	0.9974958263772945	0.9990732159406874	0.995305164319248	0.9973718791064383	0.9958506224066381	0.9968847352024915	0.9989212513484367	0.995555555555554	0.997799779977997	0.9955849889624733	0.9944444444444431	0.982456140350878
140-141	0.9959390862944151	0.9980713596914181	0.9974958263772945	0.9990732159406874	0.9964788732394357	0.9986859395532188	0.9958506224066381	0.9968847352024915	0.9989212513484367	0.995555555555554	0.997799779977997	0.9955849889624733	0.9955555555555542	0.982456140350878
141-142	0.9959390862944151	0.9980713596914181	0.9974958263772945	0.9990732159406874	0.9964788732394357	0.9986859395532188	0.9958506224066381	0.9968847352024915	0.9989212513484367	0.995555555555554	0.997799779977997	0.9955849889624733	0.9955555555555542	0.982456140350878
142-143	0.9959390862944151	0.9980713596914181	0.9974958263772945	0.9990732159406874	0.9964788732394357	0.9986859395532188	0.9958506224066381	0.9968847352024915	0.9989212513484367	0.995555555555554	0.997799779977997	0.9955849889624733	0.9955555555555542	0.982456140350878
143-144	0.9959390862944151	0.9980713596914181	0.9974958263772945	0.9990732159406874	0.9976525821596235	0.9986859395532188	0.9958506224066381	0.9968847352024915	0.9989212513484367	0.996666666666665	0.997799779977997	0.9955849889624733	0.9955555555555542	0.982456140350878
144-145	0.997969543147207	0.9980713596914181	0.9974958263772945	0.9990732159406874	0.9976525821596235	0.9986859395532188	0.9958506224066381	0.9968847352024915	0.9989212513484367	0.996666666666665	0.997799779977997	0.9955849889624733	0.9955555555555542	0.982456140350878
145-146	0.997969543147207	0.9980713596914181	0.9974958263772945	0.9990732159406874	0.9976525821596235	0.9986859395532188	0.9968879668049784	0.9968847352024915	0.9989212513484367	0.996666666666665	0.997799779977997	0.9955849889624733	0.9955555555555542	0.982456140350878
146-147	0.997969543147207	0.9980713596914181	0.9974958263772945	0.9990732159406874	0.9988262910798112	0.9986859395532188	0.9968879668049784	0.9968847352024915	0.9989212513484367	0.996666666666665	0.997799779977997	0.9955849889624733	0.9955555555555542	0.9912280701754395
147-148	0.997969543147207	0.9985535197685638	0.9974958263772945	0.9990732159406874	0.9988262910798112	0.9986859395532188	0.9968879668049784	0.9968847352024915	0.9989212513484367	0.996666666666665	0.997799779977997	0.9955849889624733	0.9955555555555542	0.9912280701754395
148-149	0.997969543147207	0.9985535197685638	0.998330550918196	0.9990732159406874	0.9988262910798112	0.9986859395532188	0.9968879668049784	0.9968847352024915	1.0000000000000009	0.996666666666665	0.997799779977997	0.9955849889624733	0.9955555555555542	0.9912280701754395
149-150	0.997969543147207	0.9985535197685638	0.998330550918196	0.9990732159406874	0.9988262910798112	0.9999999999999993	0.9979253112033186	0.9968847352024915	1.0000000000000009	0.996666666666665	0.997799779977997	0.9955849889624733	0.9955555555555542	0.9912280701754395
150-151	0.997969543147207	0.9985535197685638	0.998330550918196	0.9990732159406874	0.9988262910798112	0.9999999999999993	0.9979253112033186	0.9968847352024915	1.0000000000000009	0.996666666666665	0.997799779977997	0.9955849889624733	0.9955555555555542	0.9912280701754395
151-152	0.997969543147207	0.9985535197685638	0.998330550918196	0.9990732159406874	0.9988262910798112	0.9999999999999993	0.9979253112033186	0.9968847352024915	1.0000000000000009	0.996666666666665	0.997799779977997	0.9955849889624733	0.9955555555555542	0.9912280701754395
152-153	0.997969543147207	0.9985535197685638	0.998330550918196	0.9990732159406874	0.9988262910798112	0.9999999999999993	0.9979253112033186	0.9968847352024915	1.0000000000000009	0.996666666666665	0.997799779977997	0.9955849889624733	0.9955555555555542	0.9912280701754395
153-154	0.997969543147207	0.9985535197685638	0.998330550918196	0.9990732159406874	0.9988262910798112	0.9999999999999993	0.9979253112033186	0.9968847352024915	1.0000000000000009	0.996666666666665	0.997799779977997	0.9966887417218552	0.9955555555555542	0.9912280701754395
154-155	0.997969543147207	0.9985535197685638	0.998330550918196	0.9990732159406874	0.9988262910798112	0.9999999999999993	0.9979253112033186	0.9968847352024915	1.0000000000000009	0.996666666666665	0.997799779977997	0.9966887417218552	0.9955555555555542	0.9912280701754395
155-156	0.997969543147207	0.9985535197685638	0.998330550918196	0.9990732159406874	0.9988262910798112	0.9999999999999993	0.9979253112033186	0.9968847352024915	1.0000000000000009	0.996666666666665	0.997799779977997	0.9966887417218552	0.9955555555555542	0.9912280701754395
156-157	0.997969543147207	0.9985535197685638	0.998330550918196	0.9990732159406874	0.9988262910798112	0.9999999999999993	0.9979253112033186	0.9968847352024915	1.0000000000000009	0.996666666666665	0.997799779977997	0.9966887417218552	0.9955555555555542	0.9912280701754395
157-158	0.997969543147207	0.9985535197685638	0.998330550918196	0.9990732159406874	0.9988262910798112	0.9999999999999993	0.9979253112033186	0.9968847352024915	1.0000000000000009	0.996666666666665	0.997799779977997	0.9977924944812371	0.9955555555555542	0.9912280701754395
158-159	0.9989847715736029	0.9990356798457094	0.998330550918196	0.9990732159406874	0.999999999999999	0.9999999999999993	0.9979253112033186	0.9979231568016608	1.0000000000000009	0.996666666666665	0.997799779977997	0.9977924944812371	0.9966666666666653	0.9912280701754395
159-160	0.9989847715736029	0.9990356798457094	0.998330550918196	0.9990732159406874	0.999999999999999	0.9999999999999993	0.9979253112033186	0.9979231568016608	1.0000000000000009	0.996666666666665	0.997799779977997	0.9977924944812371	0.9966666666666653	0.9912280701754395
160-161	0.9989847715736029	0.9990356798457094	0.998330550918196	0.9990732159406874	0.999999999999999	0.9999999999999993	0.9979253112033186	0.9979231568016608	1.0000000000000009	0.9977777777777761	0.997799779977997	0.9977924944812371	0.9966666666666653	0.9912280701754395
161-162	0.9989847715736029	0.9990356798457094	0.998330550918196	0.9990732159406874	0.999999999999999	0.9999999999999993	0.9979253112033186	0.9979231568016608	1.0000000000000009	0.9977777777777761	0.997799779977997	0.9977924944812371	0.9966666666666653	1.0000000000000009
162-163	0.9989847715736029	0.9990356798457094	0.998330550918196	0.9990732159406874	0.999999999999999	0.9999999999999993	0.9979253112033186	0.9979231568016608	1.0000000000000009	0.9977777777777761	0.997799779977997	0.9977924944812371	0.9966666666666653	1.0000000000000009
163-164	0.9989847715736029	0.9990356798457094	0.998330550918196	0.9990732159406874	0.999999999999999	0.9999999999999993	0.9979253112033186	0.9979231568016608	1.0000000000000009	0.9977777777777761	0.997799779977997	0.9977924944812371	0.9966666666666653	1.0000000000000009
164-165	0.9989847715736029	0.999517839922855	0.998330550918196	0.9990732159406874	0.999999999999999	0.9999999999999993	0.9979253112033186	0.9979231568016608	1.0000000000000009	0.9977777777777761	0.997799779977997	0.998896247240619	0.9966666666666653	1.0000000000000009
165-166	0.9989847715736029	0.999517839922855	0.998330550918196	0.9990732159406874	0.999999999999999	0.9999999999999993	0.9979253112033186	0.9979231568016608	1.0000000000000009	0.9977777777777761	0.997799779977997	0.998896247240619	0.9966666666666653	1.0000000000000009
166-167	0.9989847715736029	0.999517839922855	0.998330550918196	0.9990732159406874	0.999999999999999	0.9999999999999993	0.9979253112033186	0.9979231568016608	1.0000000000000009	0.9977777777777761	0.997799779977997	0.998896247240619	0.9977777777777763	1.0000000000000009
167-168	0.9989847715736029	0.999517839922855	0.998330550918196	0.9990732159406874	0.999999999999999	0.9999999999999993	0.9979253112033186	0.9979231568016608	1.0000000000000009	0.9977777777777761	0.997799779977997	0.998896247240619	0.9977777777777763	1.0000000000000009
168-169	0.9989847715736029	0.999517839922855	0.998330550918196	0.9990732159406874	0.999999999999999	0.9999999999999993	0.9979253112033186	0.9979231568016608	1.0000000000000009	0.9977777777777761	0.997799779977997	0.998896247240619	0.9977777777777763	1.0000000000000009
169-170	0.9989847715736029	1.0000000000000007	0.998330550918196	0.9990732159406874	0.999999999999999	0.9999999999999993	0.9979253112033186	0.9979231568016608	1.0000000000000009	0.9977777777777761	0.997799779977997	0.998896247240619	0.9977777777777763	1.0000000000000009
170-171	0.9989847715736029	1.0000000000000007	0.998330550918196	0.9990732159406874	0.999999999999999	0.9999999999999993	0.9979253112033186	0.9979231568016608	1.0000000000000009	0.9988888888888872	0.997799779977997	0.998896247240619	0.9977777777777763	1.0000000000000009
171-172	0.9989847715736029	1.0000000000000007	0.998330550918196	0.9990732159406874	0.999999999999999	0.9999999999999993	0.9979253112033186	0.9979231568016608	1.0000000000000009	0.9988888888888872	0.998899889988998	1.0000000000000009	0.9977777777777763	1.0000000000000009
172-173	0.9989847715736029	1.0000000000000007	0.9991652754590975	0.9990732159406874	0.999999999999999	0.9999999999999993	0.9989626556016589	0.9979231568016608	1.0000000000000009	0.9988888888888872	0.998899889988998	1.0000000000000009	0.9977777777777763	1.0000000000000009
173-174	0.9989847715736029	1.0000000000000007	0.9991652754590975	0.9990732159406874	0.999999999999999	0.9999999999999993	0.9989626556016589	0.9979231568016608	1.0000000000000009	0.9988888888888872	0.9999999999999991	1.0000000000000009	0.9977777777777763	1.0000000000000009
174-175	0.9989847715736029	1.0000000000000007	0.9991652754590975	0.9990732159406874	0.999999999999999	0.9999999999999993	0.9989626556016589	0.9979231568016608	1.0000000000000009	0.9988888888888872	0.9999999999999991	1.0000000000000009	0.9977777777777763	1.0000000000000009
175-176	0.9989847715736029	1.0000000000000007	0.9991652754590975	0.9990732159406874	0.999999999999999	0.9999999999999993	0.9989626556016589	0.9979231568016608	1.0000000000000009	0.9988888888888872	0.9999999999999991	1.0000000000000009	0.9977777777777763	1.0000000000000009
176-177	0.9989847715736029	1.0000000000000007	0.9991652754590975	0.9990732159406874	0.999999999999999	0.9999999999999993	0.9989626556016589	0.9979231568016608	1.0000000000000009	0.9988888888888872	0.9999999999999991	1.0000000000000009	0.9977777777777763	1.0000000000000009
177-178	0.9989847715736029	1.0000000000000007	0.9991652754590975	0.9990732159406874	0.999999999999999	0.9999999999999993	0.9989626556016589	0.9979231568016608	1.0000000000000009	0.9988888888888872	0.9999999999999991	1.0000000000000009	0.9977777777777763	1.0000000000000009
178-179	0.9989847715736029	1.0000000000000007	0.9991652754590975	1.0000000000000016	0.999999999999999	0.9999999999999993	0.9989626556016589	0.9979231568016608	1.0000000000000009	0.9988888888888872	0.9999999999999991	1.0000000000000009	0.9977777777777763	1.0000000000000009
179-180	0.9989847715736029	1.0000000000000007	0.9991652754590975	1.0000000000000016	0.999999999999999	0.9999999999999993	0.9989626556016589	0.9979231568016608	1.0000000000000009	0.9988888888888872	0.9999999999999991	1.0000000000000009	0.9977777777777763	1.0000000000000009
180-181	0.9989847715736029	1.0000000000000007	0.9991652754590975	1.0000000000000016	0.999999999999999	0.9999999999999993	0.9989626556016589	0.9979231568016608	1.0000000000000009	0.9988888888888872	0.9999999999999991	1.0000000000000009	0.9977777777777763	1.0000000000000009
181-182	0.9989847715736029	1.0000000000000007	0.9991652754590975	1.0000000000000016	0.999999999999999	0.9999999999999993	0.9989626556016589	0.99896157840083	1.0000000000000009	0.9988888888888872	0.9999999999999991	1.0000000000000009	0.9977777777777763	1.0000000000000009
182-183	0.9989847715736029	1.0000000000000007	0.9991652754590975	1.0000000000000016	0.999999999999999	0.9999999999999993	0.9989626556016589	0.99896157840083	1.0000000000000009	0.9988888888888872	0.9999999999999991	1.0000000000000009	0.9977777777777763	1.0000000000000009
183-184	0.9989847715736029	1.0000000000000007	0.9991652754590975	1.0000000000000016	0.999999999999999	0.9999999999999993	0.9989626556016589	0.99896157840083	1.0000000000000009	0.9988888888888872	0.9999999999999991	1.0000000000000009	0.9977777777777763	1.0000000000000009
184-185	0.9989847715736029	1.0000000000000007	0.9991652754590975	1.0000000000000016	0.999999999999999	0.9999999999999993	0.9989626556016589	0.99896157840083	1.0000000000000009	0.9988888888888872	0.9999999999999991	1.0000000000000009	0.9977777777777763	1.0000000000000009
185-186	0.9989847715736029	1.0000000000000007	0.9991652754590975	1.0000000000000016	0.999999999999999	0.9999999999999993	0.9999999999999991	0.99896157840083	1.0000000000000009	0.9988888888888872	0.9999999999999991	1.0000000000000009	0.9977777777777763	1.0000000000000009
186-187	0.9989847715736029	1.0000000000000007	0.9991652754590975	1.0000000000000016	0.999999999999999	0.9999999999999993	0.9999999999999991	0.99896157840083	1.0000000000000009	0.9988888888888872	0.9999999999999991	1.0000000000000009	0.9977777777777763	1.0000000000000009
187-188	0.9989847715736029	1.0000000000000007	0.9991652754590975	1.0000000000000016	0.999999999999999	0.9999999999999993	0.9999999999999991	0.9999999999999992	1.0000000000000009	0.9988888888888872	0.9999999999999991	1.0000000000000009	0.9977777777777763	1.0000000000000009
188-189	0.9989847715736029	1.0000000000000007	0.9991652754590975	1.0000000000000016	0.999999999999999	0.9999999999999993	0.9999999999999991	0.9999999999999992	1.0000000000000009	0.9988888888888872	0.9999999999999991	1.0000000000000009	0.9977777777777763	1.0000000000000009
189-190	0.9989847715736029	1.0000000000000007	0.9991652754590975	1.0000000000000016	0.999999999999999	0.9999999999999993	0.9999999999999991	0.9999999999999992	1.0000000000000009	0.9988888888888872	0.9999999999999991	1.0000000000000009	0.9977777777777763	1.0000000000000009
190-191	0.9989847715736029	1.0000000000000007	0.9991652754590975	1.0000000000000016	0.999999999999999	0.9999999999999993	0.9999999999999991	0.9999999999999992	1.0000000000000009	0.9988888888888872	0.9999999999999991	1.0000000000000009	0.9977777777777763	1.0000000000000009
191-192	0.9989847715736029	1.0000000000000007	0.9991652754590975	1.0000000000000016	0.999999999999999	0.9999999999999993	0.9999999999999991	0.9999999999999992	1.0000000000000009	0.9988888888888872	0.9999999999999991	1.0000000000000009	0.9988888888888874	1.0000000000000009
192-193	0.9989847715736029	1.0000000000000007	0.9991652754590975	1.0000000000000016	0.999999999999999	0.9999999999999993	0.9999999999999991	0.9999999999999992	1.0000000000000009	0.9988888888888872	0.9999999999999991	1.0000000000000009	0.9988888888888874	1.0000000000000009
193-194	0.9989847715736029	1.0000000000000007	0.9991652754590975	1.0000000000000016	0.999999999999999	0.9999999999999993	0.9999999999999991	0.9999999999999992	1.0000000000000009	0.9988888888888872	0.9999999999999991	1.0000000000000009	0.9988888888888874	1.0000000000000009
194-195	0.9989847715736029	1.0000000000000007	0.9991652754590975	1.0000000000000016	0.999999999999999	0.9999999999999993	0.9999999999999991	0.9999999999999992	1.0000000000000009	0.9988888888888872	0.9999999999999991	1.0000000000000009	0.9988888888888874	1.0000000000000009
195-196	0.9989847715736029	1.0000000000000007	0.9991652754590975	1.0000000000000016	0.999999999999999	0.9999999999999993	0.9999999999999991	0.9999999999999992	1.0000000000000009	0.9988888888888872	0.9999999999999991	1.0000000000000009	0.9988888888888874	1.0000000000000009
196-197	0.9989847715736029	1.0000000000000007	0.9991652754590975	1.0000000000000016	0.999999999999999	0.9999999999999993	0.9999999999999991	0.9999999999999992	1.0000000000000009	0.9988888888888872	0.9999999999999991	1.0000000000000009	0.9988888888888874	1.0000000000000009
197-198	0.9989847715736029	1.0000000000000007	0.9991652754590975	1.0000000000000016	0.999999999999999	0.9999999999999993	0.9999999999999991	0.9999999999999992	1.0000000000000009	0.9988888888888872	0.9999999999999991	1.0000000000000009	0.9988888888888874	1.0000000000000009
198-199	0.9989847715736029	1.0000000000000007	0.9991652754590975	1.0000000000000016	0.999999999999999	0.9999999999999993	0.9999999999999991	0.9999999999999992	1.0000000000000009	0.9988888888888872	0.9999999999999991	1.0000000000000009	0.9988888888888874	1.0000000000000009
199-200	0.9989847715736029	1.0000000000000007	0.9991652754590975	1.0000000000000016	0.999999999999999	0.9999999999999993	0.9999999999999991	0.9999999999999992	1.0000000000000009	0.9988888888888872	0.9999999999999991	1.0000000000000009	0.9988888888888874	1.0000000000000009
200-201	0.9989847715736029	1.0000000000000007	0.9991652754590975	1.0000000000000016	0.999999999999999	0.9999999999999993	0.9999999999999991	0.9999999999999992	1.0000000000000009	0.9988888888888872	0.9999999999999991	1.0000000000000009	0.9988888888888874	1.0000000000000009
201-202	0.9989847715736029	1.0000000000000007	0.9991652754590975	1.0000000000000016	0.999999999999999	0.9999999999999993	0.9999999999999991	0.9999999999999992	1.0000000000000009	0.9988888888888872	0.9999999999999991	1.0000000000000009	0.9988888888888874	1.0000000000000009
202-203	0.9989847715736029	1.0000000000000007	0.9991652754590975	1.0000000000000016	0.999999999999999	0.9999999999999993	0.9999999999999991	0.9999999999999992	1.0000000000000009	0.9988888888888872	0.9999999999999991	1.0000000000000009	0.9988888888888874	1.0000000000000009
203-204	0.9989847715736029	1.0000000000000007	0.9991652754590975	1.0000000000000016	0.999999999999999	0.9999999999999993	0.9999999999999991	0.9999999999999992	1.0000000000000009	0.9988888888888872	0.9999999999999991	1.0000000000000009	0.9988888888888874	1.0000000000000009
204-205	0.9989847715736029	1.0000000000000007	0.9991652754590975	1.0000000000000016	0.999999999999999	0.9999999999999993	0.9999999999999991	0.9999999999999992	1.0000000000000009	0.9988888888888872	0.9999999999999991	1.0000000000000009	0.9988888888888874	1.0000000000000009
205-206	0.9989847715736029	1.0000000000000007	0.9991652754590975	1.0000000000000016	0.999999999999999	0.9999999999999993	0.9999999999999991	0.9999999999999992	1.0000000000000009	0.9988888888888872	0.9999999999999991	1.0000000000000009	0.9988888888888874	1.0000000000000009
206-207	0.9989847715736029	1.0000000000000007	0.9991652754590975	1.0000000000000016	0.999999999999999	0.9999999999999993	0.9999999999999991	0.9999999999999992	1.0000000000000009	0.9988888888888872	0.9999999999999991	1.0000000000000009	0.9988888888888874	1.0000000000000009
207-208	0.9989847715736029	1.0000000000000007	0.9991652754590975	1.0000000000000016	0.999999999999999	0.9999999999999993	0.9999999999999991	0.9999999999999992	1.0000000000000009	0.9988888888888872	0.9999999999999991	1.0000000000000009	0.9988888888888874	1.0000000000000009
208-209	0.9989847715736029	1.0000000000000007	0.9991652754590975	1.0000000000000016	0.999999999999999	0.9999999999999993	0.9999999999999991	0.9999999999999992	1.0000000000000009	0.9988888888888872	0.9999999999999991	1.0000000000000009	0.9988888888888874	1.0000000000000009
209-210	0.9989847715736029	1.0000000000000007	0.9991652754590975	1.0000000000000016	0.999999999999999	0.9999999999999993	0.9999999999999991	0.9999999999999992	1.0000000000000009	0.9988888888888872	0.9999999999999991	1.0000000000000009	0.9988888888888874	1.0000000000000009
210-211	0.9989847715736029	1.0000000000000007	0.9991652754590975	1.0000000000000016	0.999999999999999	0.9999999999999993	0.9999999999999991	0.9999999999999992	1.0000000000000009	0.9988888888888872	0.9999999999999991	1.0000000000000009	0.9988888888888874	1.0000000000000009
211-212	0.9989847715736029	1.0000000000000007	0.9991652754590975	1.0000000000000016	0.999999999999999	0.9999999999999993	0.9999999999999991	0.9999999999999992	1.0000000000000009	0.9988888888888872	0.9999999999999991	1.0000000000000009	0.9988888888888874	1.0000000000000009
212-213	0.9989847715736029	1.0000000000000007	0.9991652754590975	1.0000000000000016	0.999999999999999	0.9999999999999993	0.9999999999999991	0.9999999999999992	1.0000000000000009	0.9988888888888872	0.9999999999999991	1.0000000000000009	0.9988888888888874	1.0000000000000009
213-214	0.9989847715736029	1.0000000000000007	0.9991652754590975	1.0000000000000016	0.999999999999999	0.9999999999999993	0.9999999999999991	0.9999999999999992	1.0000000000000009	0.9988888888888872	0.9999999999999991	1.0000000000000009	0.9988888888888874	1.0000000000000009
214-215	0.9989847715736029	1.0000000000000007	0.9991652754590975	1.0000000000000016	0.999999999999999	0.9999999999999993	0.9999999999999991	0.9999999999999992	1.0000000000000009	0.9988888888888872	0.9999999999999991	1.0000000000000009	0.9988888888888874	1.0000000000000009
215-216	0.9989847715736029	1.0000000000000007	0.9991652754590975	1.0000000000000016	0.999999999999999	0.9999999999999993	0.9999999999999991	0.9999999999999992	1.0000000000000009	0.9988888888888872	0.9999999999999991	1.0000000000000009	0.9988888888888874	1.0000000000000009
216-217	0.9989847715736029	1.0000000000000007	0.9991652754590975	1.0000000000000016	0.999999999999999	0.9999999999999993	0.9999999999999991	0.9999999999999992	1.0000000000000009	0.9988888888888872	0.9999999999999991	1.0000000000000009	0.9988888888888874	1.0000000000000009
217-218	0.9989847715736029	1.0000000000000007	0.9991652754590975	1.0000000000000016	0.999999999999999	0.9999999999999993	0.9999999999999991	0.9999999999999992	1.0000000000000009	0.9988888888888872	0.9999999999999991	1.0000000000000009	0.9988888888888874	1.0000000000000009
218-219	0.9989847715736029	1.0000000000000007	0.9991652754590975	1.0000000000000016	0.999999999999999	0.9999999999999993	0.9999999999999991	0.9999999999999992	1.0000000000000009	0.9988888888888872	0.9999999999999991	1.0000000000000009	0.9988888888888874	1.0000000000000009
219-220	0.9989847715736029	1.0000000000000007	0.9991652754590975	1.0000000000000016	0.999999999999999	0.9999999999999993	0.9999999999999991	0.9999999999999992	1.0000000000000009	0.9988888888888872	0.9999999999999991	1.0000000000000009	0.9988888888888874	1.0000000000000009
220-221	0.9989847715736029	1.0000000000000007	0.9991652754590975	1.0000000000000016	0.999999999999999	0.9999999999999993	0.9999999999999991	0.9999999999999992	1.0000000000000009	0.9988888888888872	0.9999999999999991	1.0000000000000009	0.9988888888888874	1.0000000000000009
221-222	0.9989847715736029	1.0000000000000007	0.9991652754590975	1.0000000000000016	0.999999999999999	0.9999999999999993	0.9999999999999991	0.9999999999999992	1.0000000000000009	0.9988888888888872	0.9999999999999991	1.0000000000000009	0.9988888888888874	1.0000000000000009
222-223	0.9989847715736029	1.0000000000000007	0.9991652754590975	1.0000000000000016	0.999999999999999	0.9999999999999993	0.9999999999999991	0.9999999999999992	1.0000000000000009	0.9988888888888872	0.9999999999999991	1.0000000000000009	0.9988888888888874	1.0000000000000009
223-224	0.9989847715736029	1.0000000000000007	0.9991652754590975	1.0000000000000016	0.999999999999999	0.9999999999999993	0.9999999999999991	0.9999999999999992	1.0000000000000009	0.9988888888888872	0.9999999999999991	1.0000000000000009	0.9988888888888874	1.0000000000000009
224-225	0.9989847715736029	1.0000000000000007	0.9991652754590975	1.0000000000000016	0.999999999999999	0.9999999999999993	0.9999999999999991	0.9999999999999992	1.0000000000000009	0.9988888888888872	0.9999999999999991	1.0000000000000009	0.9988888888888874	1.0000000000000009
225-226	0.9989847715736029	1.0000000000000007	0.9991652754590975	1.0000000000000016	0.999999999999999	0.9999999999999993	0.9999999999999991	0.9999999999999992	1.0000000000000009	0.9988888888888872	0.9999999999999991	1.0000000000000009	0.9988888888888874	1.0000000000000009
226-227	0.9989847715736029	1.0000000000000007	0.9991652754590975	1.0000000000000016	0.999999999999999	0.9999999999999993	0.9999999999999991	0.9999999999999992	1.0000000000000009	0.9988888888888872	0.9999999999999991	1.0000000000000009	0.9988888888888874	1.0000000000000009
227-228	0.9989847715736029	1.0000000000000007	0.9991652754590975	1.0000000000000016	0.999999999999999	0.9999999999999993	0.9999999999999991	0.9999999999999992	1.0000000000000009	0.9988888888888872	0.9999999999999991	1.0000000000000009	0.9988888888888874	1.0000000000000009
228-229	0.9989847715736029	1.0000000000000007	0.9991652754590975	1.0000000000000016	0.999999999999999	0.9999999999999993	0.9999999999999991	0.9999999999999992	1.0000000000000009	0.9988888888888872	0.9999999999999991	1.0000000000000009	0.9988888888888874	1.0000000000000009
229-230	0.9989847715736029	1.0000000000000007	0.9991652754590975	1.0000000000000016	0.999999999999999	0.9999999999999993	0.9999999999999991	0.9999999999999992	1.0000000000000009	0.9988888888888872	0.9999999999999991	1.0000000000000009	0.9988888888888874	1.0000000000000009
230-231	0.9989847715736029	1.0000000000000007	0.9991652754590975	1.0000000000000016	0.999999999999999	0.9999999999999993	0.9999999999999991	0.9999999999999992	1.0000000000000009	0.9988888888888872	0.9999999999999991	1.0000000000000009	0.9988888888888874	1.0000000000000009
231-232	0.9989847715736029	1.0000000000000007	0.9991652754590975	1.0000000000000016	0.999999999999999	0.9999999999999993	0.9999999999999991	0.9999999999999992	1.0000000000000009	0.9988888888888872	0.9999999999999991	1.0000000000000009	0.9988888888888874	1.0000000000000009
232-233	0.9989847715736029	1.0000000000000007	0.999999999999999	1.0000000000000016	0.999999999999999	0.9999999999999993	0.9999999999999991	0.9999999999999992	1.0000000000000009	0.9988888888888872	0.9999999999999991	1.0000000000000009	0.9988888888888874	1.0000000000000009
233-234	0.9989847715736029	1.0000000000000007	0.999999999999999	1.0000000000000016	0.999999999999999	0.9999999999999993	0.9999999999999991	0.9999999999999992	1.0000000000000009	0.9988888888888872	0.9999999999999991	1.0000000000000009	0.9988888888888874	1.0000000000000009
234-235	0.9989847715736029	1.0000000000000007	0.999999999999999	1.0000000000000016	0.999999999999999	0.9999999999999993	0.9999999999999991	0.9999999999999992	1.0000000000000009	0.9988888888888872	0.9999999999999991	1.0000000000000009	0.9988888888888874	1.0000000000000009
235-236	0.9989847715736029	1.0000000000000007	0.999999999999999	1.0000000000000016	0.999999999999999	0.9999999999999993	0.9999999999999991	0.9999999999999992	1.0000000000000009	0.9988888888888872	0.9999999999999991	1.0000000000000009	0.9988888888888874	1.0000000000000009
236-237	0.9989847715736029	1.0000000000000007	0.999999999999999	1.0000000000000016	0.999999999999999	0.9999999999999993	0.9999999999999991	0.9999999999999992	1.0000000000000009	0.9988888888888872	0.9999999999999991	1.0000000000000009	0.9988888888888874	1.0000000000000009
237-238	0.9989847715736029	1.0000000000000007	0.999999999999999	1.0000000000000016	0.999999999999999	0.9999999999999993	0.9999999999999991	0.9999999999999992	1.0000000000000009	0.9988888888888872	0.9999999999999991	1.0000000000000009	0.9988888888888874	1.0000000000000009
238-239	0.9989847715736029	1.0000000000000007	0.999999999999999	1.0000000000000016	0.999999999999999	0.9999999999999993	0.9999999999999991	0.9999999999999992	1.0000000000000009	0.9988888888888872	0.9999999999999991	1.0000000000000009	0.9988888888888874	1.0000000000000009
239-240	0.9989847715736029	1.0000000000000007	0.999999999999999	1.0000000000000016	0.999999999999999	0.9999999999999993	0.9999999999999991	0.9999999999999992	1.0000000000000009	0.9988888888888872	0.9999999999999991	1.0000000000000009	0.9988888888888874	1.0000000000000009
240-241	0.9989847715736029	1.0000000000000007	0.999999999999999	1.0000000000000016	0.999999999999999	0.9999999999999993	0.9999999999999991	0.9999999999999992	1.0000000000000009	0.9999999999999982	0.9999999999999991	1.0000000000000009	0.9988888888888874	1.0000000000000009
241-242	0.9989847715736029	1.0000000000000007	0.999999999999999	1.0000000000000016	0.999999999999999	0.9999999999999993	0.9999999999999991	0.9999999999999992	1.0000000000000009	0.9999999999999982	0.9999999999999991	1.0000000000000009	0.9988888888888874	1.0000000000000009
242-243	0.9989847715736029	1.0000000000000007	0.999999999999999	1.0000000000000016	0.999999999999999	0.9999999999999993	0.9999999999999991	0.9999999999999992	1.0000000000000009	0.9999999999999982	0.9999999999999991	1.0000000000000009	0.9988888888888874	1.0000000000000009
243-244	0.9999999999999988	1.0000000000000007	0.999999999999999	1.0000000000000016	0.999999999999999	0.9999999999999993	0.9999999999999991	0.9999999999999992	1.0000000000000009	0.9999999999999982	0.9999999999999991	1.0000000000000009	0.9988888888888874	1.0000000000000009
244-245	0.9999999999999988	1.0000000000000007	0.999999999999999	1.0000000000000016	0.999999999999999	0.9999999999999993	0.9999999999999991	0.9999999999999992	1.0000000000000009	0.9999999999999982	0.9999999999999991	1.0000000000000009	0.9988888888888874	1.0000000000000009
245-246	0.9999999999999988	1.0000000000000007	0.999999999999999	1.0000000000000016	0.999999999999999	0.9999999999999993	0.9999999999999991	0.9999999999999992	1.0000000000000009	0.9999999999999982	0.9999999999999991	1.0000000000000009	0.9988888888888874	1.0000000000000009
246-247	0.9999999999999988	1.0000000000000007	0.999999999999999	1.0000000000000016	0.999999999999999	0.9999999999999993	0.9999999999999991	0.9999999999999992	1.0000000000000009	0.9999999999999982	0.9999999999999991	1.0000000000000009	0.9988888888888874	1.0000000000000009
247-248	0.9999999999999988	1.0000000000000007	0.999999999999999	1.0000000000000016	0.999999999999999	0.9999999999999993	0.9999999999999991	0.9999999999999992	1.0000000000000009	0.9999999999999982	0.9999999999999991	1.0000000000000009	0.9988888888888874	1.0000000000000009
248-249	0.9999999999999988	1.0000000000000007	0.999999999999999	1.0000000000000016	0.999999999999999	0.9999999999999993	0.9999999999999991	0.9999999999999992	1.0000000000000009	0.9999999999999982	0.9999999999999991	1.0000000000000009	0.9988888888888874	1.0000000000000009
249-250	0.9999999999999988	1.0000000000000007	0.999999999999999	1.0000000000000016	0.999999999999999	0.9999999999999993	0.9999999999999991	0.9999999999999992	1.0000000000000009	0.9999999999999982	0.9999999999999991	1.0000000000000009	0.9988888888888874	1.0000000000000009
250-251	0.9999999999999988	1.0000000000000007	0.999999999999999	1.0000000000000016	0.999999999999999	0.9999999999999993	0.9999999999999991	0.9999999999999992	1.0000000000000009	0.9999999999999982	0.9999999999999991	1.0000000000000009	0.9988888888888874	1.0000000000000009
251-252	0.9999999999999988	1.0000000000000007	0.999999999999999	1.0000000000000016	0.999999999999999	0.9999999999999993	0.9999999999999991	0.9999999999999992	1.0000000000000009	0.9999999999999982	0.9999999999999991	1.0000000000000009	0.9988888888888874	1.0000000000000009
252-253	0.9999999999999988	1.0000000000000007	0.999999999999999	1.0000000000000016	0.999999999999999	0.9999999999999993	0.9999999999999991	0.9999999999999992	1.0000000000000009	0.9999999999999982	0.9999999999999991	1.0000000000000009	0.9988888888888874	1.0000000000000009
253-254	0.9999999999999988	1.0000000000000007	0.999999999999999	1.0000000000000016	0.999999999999999	0.9999999999999993	0.9999999999999991	0.9999999999999992	1.0000000000000009	0.9999999999999982	0.9999999999999991	1.0000000000000009	0.9999999999999984	1.0000000000000009
254-255	0.9999999999999988	1.0000000000000007	0.999999999999999	1.0000000000000016	0.999999999999999	0.9999999999999993	0.9999999999999991	0.9999999999999992	1.0000000000000009	0.9999999999999982	0.9999999999999991	1.0000000000000009	0.9999999999999984	1.0000000000000009
255-256	0.9999999999999988	1.0000000000000007	0.999999999999999	1.0000000000000016	0.999999999999999	0.9999999999999993	0.9999999999999991	0.9999999999999992	1.0000000000000009	0.9999999999999982	0.9999999999999991	1.0000000000000009	0.9999999999999984	1.0000000000000009
256-257	0.9999999999999988	1.0000000000000007	0.999999999999999	1.0000000000000016	0.999999999999999	0.9999999999999993	0.9999999999999991	0.9999999999999992	1.0000000000000009	0.9999999999999982	0.9999999999999991	1.0000000000000009	0.9999999999999984	1.0000000000000009
257-258	0.9999999999999988	1.0000000000000007	0.999999999999999	1.0000000000000016	0.999999999999999	0.9999999999999993	0.9999999999999991	0.9999999999999992	1.0000000000000009	0.9999999999999982	0.9999999999999991	1.0000000000000009	0.9999999999999984	1.0000000000000009
258-259	0.9999999999999988	1.0000000000000007	0.999999999999999	1.0000000000000016	0.999999999999999	0.9999999999999993	0.9999999999999991	0.9999999999999992	1.0000000000000009	0.9999999999999982	0.9999999999999991	1.0000000000000009	0.9999999999999984	1.0000000000000009
259-260	0.9999999999999988	1.0000000000000007	0.999999999999999	1.0000000000000016	0.999999999999999	0.9999999999999993	0.9999999999999991	0.9999999999999992	1.0000000000000009	0.9999999999999982	0.9999999999999991	1.0000000000000009	0.9999999999999984	1.0000000000000009
260-261	0.9999999999999988	1.0000000000000007	0.999999999999999	1.0000000000000016	0.999999999999999	0.9999999999999993	0.9999999999999991	0.9999999999999992	1.0000000000000009	0.9999999999999982	0.9999999999999991	1.0000000000000009	0.9999999999999984	1.0000000000000009
261-262	0.9999999999999988	1.0000000000000007	0.999999999999999	1.0000000000000016	0.999999999999999	0.9999999999999993	0.9999999999999991	0.9999999999999992	1.0000000000000009	0.9999999999999982	0.9999999999999991	1.0000000000000009	0.9999999999999984	1.0000000000000009
